31 59 -> 87 110
22 60 -> 81 116
17 61 -> 76 116
14 62 -> 70 116
12 63 -> 67 117
6 64 -> 65 122
16 106 -> 32 121
12 107 -> 28 120
308 214 -> 340 242
302 215 -> 334 244
283 225 -> 315 250
280 226 -> 307 251
195 231 -> 229 254
191 232 -> 212 255
179 235 -> 209 256
177 236 -> 192 252
217 238 -> 234 251
260 246 -> 290 266
258 247 -> 273 262
342 253 -> 354 265
332 254 -> 353 271
367 260 -> 384 274
316 267 -> 333 278
407 276 -> 417 282
405 277 -> 411 282
402 278 -> 414 294
271 283 -> 275 287
362 285 -> 369 290
358 286 -> 365 291
356 287 -> 361 292
411 288 -> 415 292
386 292 -> 386 293
391 296 -> 392 297
396 296 -> 397 297
395 297 -> 395 298
