247 157 -> 299 206
238 158 -> 293 210
236 159 -> 288 210
231 160 -> 283 209
198 172 -> 227 197
193 173 -> 222 200
189 174 -> 217 203
231 195 -> 259 217
227 196 -> 251 220
302 236 -> 332 259
300 237 -> 323 259
356 248 -> 373 263
351 249 -> 370 265
231 250 -> 255 266
253 250 -> 278 266
229 251 -> 241 264
249 251 -> 262 262
299 261 -> 318 275
308 262 -> 321 273
338 273 -> 349 282
401 273 -> 414 279
336 274 -> 345 282
399 274 -> 405 280
399 284 -> 411 292
276 285 -> 278 287
370 286 -> 374 290
409 286 -> 412 289
365 287 -> 372 292
362 288 -> 367 292